1,时间,2018-05-22-08-14-21-931
1,波长,1543.262
1,U型长度,63
1,波长序列,[1543.567, 1543.527, 1543.476, 1543.46, 1543.423, 1543.395, 1543.372, 1543.345, 1543.325, 1543.311, 1543.298, 1543.29, 1543.283, 1543.281, 1543.278, 1543.277, 1543.273, 1543.272, 1543.27, 1543.27, 1543.266, 1543.267, 1543.265, 1543.266, 1543.264, 1543.264, 1543.263, 1543.263, 1543.262, 1543.263, 1543.26, 1543.262, 1543.26, 1543.262, 1543.26, 1543.261, 1543.26, 1543.261, 1543.26, 1543.261, 1543.26, 1543.262, 1543.26, 1543.262, 1543.261, 1543.263, 1543.263, 1543.265, 1543.265, 1543.268, 1543.268, 1543.271, 1543.273, 1543.278, 1543.283, 1543.293, 1543.311, 1543.342, 1543.363, 1543.382, 1543.408, 1543.469, 1543.551]
1,温度,23.83529411765098℃;
2,时间,2018-05-22-08-14-22-210
2,波长,1543.259
2,U型长度,34
2,波长序列,[1543.535, 1543.441, 1543.364, 1543.319, 1543.293, 1543.28, 1543.277, 1543.27, 1543.269, 1543.265, 1543.265, 1543.263, 1543.263, 1543.261, 1543.261, 1543.259, 1543.26, 1543.259, 1543.261, 1543.26, 1543.262, 1543.261, 1543.263, 1543.264, 1543.266, 1543.267, 1543.271, 1543.272, 1543.278, 1543.285, 1543.305, 1543.348, 1543.42, 1543.533]
2,温度,23.541176470599115℃;
3,时间,2018-05-22-08-14-22-523
3,波长,1543.263
3,U型长度,61
3,波长序列,[1543.545, 1543.512, 1543.467, 1543.431, 1543.391, 1543.355, 1543.328, 1543.309, 1543.297, 1543.289, 1543.284, 1543.28, 1543.279, 1543.274, 1543.273, 1543.271, 1543.27, 1543.268, 1543.268, 1543.265, 1543.267, 1543.264, 1543.265, 1543.263, 1543.263, 1543.262, 1543.263, 1543.261, 1543.262, 1543.261, 1543.263, 1543.26, 1543.262, 1543.261, 1543.263, 1543.261, 1543.262, 1543.262, 1543.263, 1543.263, 1543.265, 1543.265, 1543.267, 1543.266, 1543.268, 1543.267, 1543.27, 1543.27, 1543.273, 1543.273, 1543.278, 1543.281, 1543.289, 1543.3, 1543.32, 1543.341, 1543.356, 1543.381, 1543.408, 1543.454, 1543.537]
3,温度,23.93333333333494℃;
4,时间,2018-05-22-08-14-22-929
4,波长,1543.259
4,U型长度,43
4,波长序列,[1543.516, 1543.436, 1543.365, 1543.323, 1543.296, 1543.285, 1543.276, 1543.273, 1543.269, 1543.268, 1543.265, 1543.265, 1543.262, 1543.263, 1543.261, 1543.26, 1543.258, 1543.259, 1543.257, 1543.258, 1543.257, 1543.259, 1543.257, 1543.259, 1543.258, 1543.26, 1543.26, 1543.262, 1543.262, 1543.264, 1543.265, 1543.267, 1543.268, 1543.272, 1543.274, 1543.279, 1543.283, 1543.299, 1543.325, 1543.371, 1543.431, 1543.501, 1543.571]
4,温度,23.541176470599115℃;
5,时间,2018-05-22-08-14-23-154
5,波长,1543.26
5,U型长度,51
5,波长序列,[1543.543, 1543.494, 1543.461, 1543.414, 1543.38, 1543.347, 1543.322, 1543.3, 1543.288, 1543.282, 1543.276, 1543.275, 1543.271, 1543.27, 1543.268, 1543.267, 1543.264, 1543.265, 1543.263, 1543.263, 1543.261, 1543.263, 1543.261, 1543.262, 1543.26, 1543.26, 1543.26, 1543.261, 1543.259, 1543.26, 1543.26, 1543.262, 1543.261, 1543.262, 1543.262, 1543.264, 1543.264, 1543.266, 1543.265, 1543.269, 1543.269, 1543.272, 1543.274, 1543.28, 1543.285, 1543.298, 1543.32, 1543.344, 1543.379, 1543.434, 1543.518]
5,温度,23.63921568628307℃;
6,时间,2018-05-22-08-14-23-557
6,波长,1543.255
6,U型长度,48
6,波长序列,[1543.544, 1543.464, 1543.392, 1543.33, 1543.298, 1543.284, 1543.278, 1543.275, 1543.269, 1543.267, 1543.264, 1543.264, 1543.262, 1543.262, 1543.26, 1543.26, 1543.258, 1543.258, 1543.256, 1543.257, 1543.256, 1543.256, 1543.255, 1543.256, 1543.255, 1543.258, 1543.257, 1543.258, 1543.258, 1543.259, 1543.259, 1543.261, 1543.261, 1543.263, 1543.263, 1543.266, 1543.265, 1543.269, 1543.269, 1543.274, 1543.278, 1543.284, 1543.292, 1543.311, 1543.342, 1543.387, 1543.45, 1543.52]
6,温度,23.149019607863288℃;
7,时间,2018-05-22-08-14-23-803
7,波长,1543.258
7,U型长度,64
7,波长序列,[1543.557, 1543.496, 1543.457, 1543.423, 1543.386, 1543.36, 1543.337, 1543.316, 1543.299, 1543.292, 1543.284, 1543.282, 1543.276, 1543.275, 1543.271, 1543.271, 1543.268, 1543.268, 1543.265, 1543.265, 1543.263, 1543.264, 1543.263, 1543.263, 1543.261, 1543.262, 1543.26, 1543.26, 1543.258, 1543.259, 1543.258, 1543.258, 1543.258, 1543.259, 1543.257, 1543.258, 1543.258, 1543.259, 1543.258, 1543.259, 1543.259, 1543.26, 1543.26, 1543.261, 1543.26, 1543.262, 1543.261, 1543.264, 1543.263, 1543.266, 1543.266, 1543.269, 1543.27, 1543.273, 1543.275, 1543.28, 1543.285, 1543.294, 1543.304, 1543.33, 1543.365, 1543.415, 1543.47, 1543.546]
7,温度,23.443137254915158℃;
8,时间,2018-05-22-08-14-24-226
8,波长,1543.256
8,U型长度,44
8,波长序列,[1543.542, 1543.444, 1543.376, 1543.324, 1543.297, 1543.286, 1543.278, 1543.274, 1543.269, 1543.267, 1543.265, 1543.265, 1543.262, 1543.263, 1543.26, 1543.26, 1543.257, 1543.259, 1543.258, 1543.257, 1543.256, 1543.257, 1543.256, 1543.258, 1543.256, 1543.259, 1543.257, 1543.259, 1543.259, 1543.261, 1543.261, 1543.264, 1543.264, 1543.267, 1543.266, 1543.271, 1543.273, 1543.278, 1543.283, 1543.3, 1543.326, 1543.374, 1543.44, 1543.509]
8,温度,23.247058823547246℃;
9,时间,2018-05-22-08-14-24-473
9,波长,1543.259
9,U型长度,62
9,波长序列,[1543.52, 1543.477, 1543.431, 1543.398, 1543.367, 1543.342, 1543.319, 1543.303, 1543.292, 1543.285, 1543.279, 1543.278, 1543.273, 1543.273, 1543.269, 1543.269, 1543.266, 1543.266, 1543.264, 1543.264, 1543.262, 1543.263, 1543.26, 1543.262, 1543.259, 1543.26, 1543.259, 1543.259, 1543.258, 1543.258, 1543.258, 1543.259, 1543.257, 1543.258, 1543.257, 1543.258, 1543.257, 1543.26, 1543.259, 1543.261, 1543.26, 1543.262, 1543.261, 1543.263, 1543.262, 1543.264, 1543.264, 1543.265, 1543.265, 1543.269, 1543.269, 1543.273, 1543.276, 1543.282, 1543.287, 1543.295, 1543.308, 1543.336, 1543.372, 1543.419, 1543.471, 1543.55]
9,温度,23.541176470599115℃;
10,时间,2018-05-22-08-14-24-914
10,波长,1543.259
10,U型长度,53
10,波长序列,[1543.511, 1543.438, 1543.371, 1543.327, 1543.301, 1543.288, 1543.283, 1543.276, 1543.273, 1543.269, 1543.268, 1543.265, 1543.265, 1543.263, 1543.264, 1543.262, 1543.262, 1543.259, 1543.261, 1543.258, 1543.26, 1543.259, 1543.259, 1543.258, 1543.259, 1543.258, 1543.259, 1543.259, 1543.26, 1543.259, 1543.261, 1543.261, 1543.262, 1543.261, 1543.264, 1543.263, 1543.265, 1543.265, 1543.269, 1543.269, 1543.272, 1543.273, 1543.278, 1543.28, 1543.287, 1543.293, 1543.308, 1543.323, 1543.348, 1543.382, 1543.43, 1543.484, 1543.539]
10,温度,23.541176470599115℃;
11,时间,2018-05-22-08-14-25-140
11,波长,1543.267
11,U型长度,49
11,波长序列,[1543.558, 1543.505, 1543.469, 1543.429, 1543.397, 1543.368, 1543.346, 1543.328, 1543.31, 1543.298, 1543.29, 1543.283, 1543.283, 1543.279, 1543.278, 1543.275, 1543.275, 1543.272, 1543.272, 1543.269, 1543.268, 1543.266, 1543.268, 1543.265, 1543.267, 1543.265, 1543.266, 1543.265, 1543.267, 1543.265, 1543.267, 1543.266, 1543.269, 1543.267, 1543.269, 1543.269, 1543.272, 1543.272, 1543.273, 1543.276, 1543.281, 1543.285, 1543.296, 1543.307, 1543.327, 1543.345, 1543.371, 1543.418, 1543.495]
11,温度,24.325490196093057℃;
12,时间,2018-05-22-08-14-25-576
12,波长,1543.264
12,U型长度,37
12,波长序列,[1543.503, 1543.439, 1543.38, 1543.327, 1543.297, 1543.287, 1543.281, 1543.279, 1543.276, 1543.274, 1543.27, 1543.269, 1543.266, 1543.266, 1543.265, 1543.266, 1543.264, 1543.266, 1543.264, 1543.265, 1543.265, 1543.267, 1543.267, 1543.269, 1543.268, 1543.271, 1543.271, 1543.276, 1543.279, 1543.284, 1543.292, 1543.305, 1543.324, 1543.354, 1543.402, 1543.469, 1543.523]
12,温度,24.031372549018897℃;
13,时间,2018-05-22-08-14-25-845
13,波长,1543.261
13,U型长度,66
13,波长序列,[1543.563, 1543.527, 1543.483, 1543.442, 1543.408, 1543.38, 1543.352, 1543.329, 1543.31, 1543.296, 1543.287, 1543.284, 1543.28, 1543.278, 1543.274, 1543.274, 1543.271, 1543.271, 1543.268, 1543.269, 1543.266, 1543.268, 1543.264, 1543.265, 1543.263, 1543.264, 1543.261, 1543.263, 1543.261, 1543.261, 1543.26, 1543.261, 1543.259, 1543.261, 1543.26, 1543.261, 1543.261, 1543.262, 1543.261, 1543.262, 1543.261, 1543.263, 1543.262, 1543.263, 1543.262, 1543.264, 1543.263, 1543.265, 1543.265, 1543.267, 1543.266, 1543.27, 1543.27, 1543.274, 1543.275, 1543.279, 1543.281, 1543.29, 1543.302, 1543.321, 1543.344, 1543.381, 1543.422, 1543.463, 1543.513, 1543.566]
13,温度,23.737254901967027℃;
14,时间,2018-05-22-08-14-26-335
14,波长,1543.259
14,U型长度,55
14,波长序列,[1543.523, 1543.458, 1543.39, 1543.337, 1543.305, 1543.291, 1543.283, 1543.278, 1543.273, 1543.271, 1543.268, 1543.268, 1543.265, 1543.265, 1543.263, 1543.264, 1543.261, 1543.262, 1543.26, 1543.261, 1543.259, 1543.259, 1543.257, 1543.258, 1543.257, 1543.258, 1543.257, 1543.259, 1543.259, 1543.26, 1543.26, 1543.262, 1543.261, 1543.262, 1543.261, 1543.263, 1543.263, 1543.264, 1543.264, 1543.267, 1543.267, 1543.271, 1543.272, 1543.276, 1543.278, 1543.284, 1543.291, 1543.304, 1543.321, 1543.342, 1543.366, 1543.394, 1543.44, 1543.496, 1543.535]
14,温度,23.541176470599115℃;
15,时间,2018-05-22-08-14-26-548
15,波长,1543.271
15,U型长度,44
15,波长序列,[1543.531, 1543.5, 1543.458, 1543.428, 1543.399, 1543.372, 1543.343, 1543.318, 1543.308, 1543.299, 1543.294, 1543.29, 1543.287, 1543.284, 1543.284, 1543.28, 1543.28, 1543.277, 1543.276, 1543.272, 1543.272, 1543.27, 1543.271, 1543.27, 1543.272, 1543.271, 1543.271, 1543.271, 1543.273, 1543.272, 1543.275, 1543.276, 1543.278, 1543.279, 1543.283, 1543.283, 1543.288, 1543.297, 1543.314, 1543.339, 1543.376, 1543.415, 1543.464, 1543.539]
15,温度,24.71764705882888℃;
16,时间,2018-05-22-08-14-26-985
16,波长,1543.283
16,U型长度,30
16,波长序列,[1543.558, 1543.523, 1543.502, 1543.452, 1543.409, 1543.358, 1543.326, 1543.308, 1543.298, 1543.291, 1543.29, 1543.289, 1543.29, 1543.287, 1543.286, 1543.283, 1543.287, 1543.285, 1543.29, 1543.293, 1543.3, 1543.303, 1543.307, 1543.311, 1543.329, 1543.359, 1543.396, 1543.434, 1543.483, 1543.533]
16,温度,25.894117647058646℃;
17,时间,2018-05-22-08-14-27-241
17,波长,1543.323
17,U型长度,28
17,波长序列,[1543.535, 1543.494, 1543.457, 1543.429, 1543.401, 1543.377, 1543.356, 1543.343, 1543.333, 1543.324, 1543.318, 1543.318, 1543.32, 1543.321, 1543.323, 1543.323, 1543.326, 1543.326, 1543.331, 1543.335, 1543.342, 1543.347, 1543.356, 1543.374, 1543.394, 1543.435, 1543.476, 1543.528]
17,温度,29.815686274528353℃;
18,时间,2018-05-22-08-14-27-711
18,波长,1543.265
18,U型长度,50
18,波长序列,[1543.519, 1543.451, 1543.419, 1543.372, 1543.333, 1543.306, 1543.289, 1543.284, 1543.279, 1543.277, 1543.273, 1543.274, 1543.27, 1543.27, 1543.266, 1543.266, 1543.264, 1543.265, 1543.263, 1543.264, 1543.263, 1543.264, 1543.263, 1543.263, 1543.263, 1543.265, 1543.264, 1543.265, 1543.264, 1543.266, 1543.265, 1543.266, 1543.266, 1543.27, 1543.27, 1543.273, 1543.274, 1543.278, 1543.28, 1543.284, 1543.288, 1543.301, 1543.309, 1543.327, 1543.347, 1543.379, 1543.413, 1543.444, 1543.486, 1543.523]
18,温度,24.12941176472514℃;
19,时间,2018-05-22-08-14-27-964
19,波长,1543.271
19,U型长度,57
19,波长序列,[1543.559, 1543.523, 1543.479, 1543.459, 1543.437, 1543.404, 1543.394, 1543.367, 1543.348, 1543.331, 1543.321, 1543.312, 1543.306, 1543.298, 1543.292, 1543.285, 1543.283, 1543.281, 1543.281, 1543.279, 1543.278, 1543.275, 1543.275, 1543.272, 1543.272, 1543.271, 1543.271, 1543.269, 1543.271, 1543.269, 1543.271, 1543.27, 1543.272, 1543.27, 1543.271, 1543.27, 1543.272, 1543.272, 1543.273, 1543.272, 1543.275, 1543.273, 1543.275, 1543.276, 1543.279, 1543.281, 1543.285, 1543.288, 1543.297, 1543.31, 1543.328, 1543.354, 1543.383, 1543.423, 1543.452, 1543.486, 1543.526]
19,温度,24.71764705882888℃;
20,时间,2018-05-22-08-14-28-490
20,波长,1543.272
20,U型长度,43
20,波长序列,[1543.551, 1543.476, 1543.422, 1543.401, 1543.392, 1543.383, 1543.352, 1543.32, 1543.294, 1543.283, 1543.277, 1543.277, 1543.274, 1543.275, 1543.274, 1543.274, 1543.272, 1543.274, 1543.272, 1543.273, 1543.271, 1543.272, 1543.272, 1543.274, 1543.274, 1543.275, 1543.274, 1543.277, 1543.275, 1543.278, 1543.279, 1543.285, 1543.29, 1543.301, 1543.313, 1543.327, 1543.341, 1543.367, 1543.399, 1543.444, 1543.494, 1543.522, 1543.54]
20,温度,24.815686274512835℃;
21,时间,2018-05-22-08-14-28-754
21,波长,1543.547
21,U型长度,3
21,波长序列,[1543.561, 1543.547, 1543.55]
21,温度,51.77647058824725℃;
22,时间,2018-05-22-08-14-29-275
22,波长,1543.316
22,U型长度,23
22,波长序列,[1543.53, 1543.47, 1543.412, 1543.377, 1543.346, 1543.326, 1543.316, 1543.309, 1543.312, 1543.313, 1543.315, 1543.316, 1543.323, 1543.327, 1543.329, 1543.329, 1543.338, 1543.345, 1543.363, 1543.386, 1543.423, 1543.472, 1543.526]
22,温度,29.129411764718366℃;
23,时间,2018-05-22-08-14-29-535
23,波长,1543.529
23,U型长度,16
23,波长序列,[1543.557, 1543.529, 1543.514, 1543.494, 1543.49, 1543.512, 1543.512, 1543.533, 1543.529, 1543.536, 1543.547, 1543.51, 1543.525, 1543.515, 1543.529, 1543.553]
23,温度,50.01176470589145℃;
24,时间,2018-05-22-08-14-30-105
24,波长,1543.433
24,U型长度,19
24,波长序列,[1543.549, 1543.499, 1543.463, 1543.442, 1543.423, 1543.418, 1543.437, 1543.436, 1543.435, 1543.433, 1543.445, 1543.457, 1543.474, 1543.487, 1543.486, 1543.494, 1543.496, 1543.502, 1543.534]
24,温度,40.60000000000874℃;
25,时间,2018-05-22-08-14-30-388
25,波长,1543.524
25,U型长度,16
25,波长序列,[1543.546, 1543.522, 1543.523, 1543.521, 1543.523, 1543.544, 1543.539, 1543.538, 1543.524, 1543.516, 1543.509, 1543.512, 1543.524, 1543.529, 1543.558, 1543.551]
25,温度,49.52156862744938℃;
26,时间,2018-05-22-08-14-31-137
26,波长,1543.577
26,U型长度,1
26,波长序列,[1543.577]
26,温度,54.71764705883281℃;
27,时间,2018-05-22-08-14-31-176
27,波长,1543.295
27,U型长度,40
27,波长序列,[1543.519, 1543.489, 1543.463, 1543.437, 1543.417, 1543.393, 1543.365, 1543.35, 1543.337, 1543.327, 1543.318, 1543.309, 1543.306, 1543.305, 1543.307, 1543.308, 1543.308, 1543.304, 1543.302, 1543.295, 1543.295, 1543.297, 1543.302, 1543.301, 1543.302, 1543.303, 1543.304, 1543.303, 1543.309, 1543.315, 1543.329, 1543.34, 1543.358, 1543.369, 1543.391, 1543.427, 1543.466, 1543.491, 1543.527, 1543.572]
27,温度,27.070588235310705℃;
28,时间,2018-05-22-08-14-31-752
28,波长,1543.521
28,U型长度,5
28,波长序列,[1543.571, 1543.546, 1543.521, 1543.547, 1543.548]
28,温度,49.227450980397506℃;
29,时间,2018-05-22-08-14-31-756
29,波长,1543.556
29,U型长度,3
29,波长序列,[1543.567, 1543.556, 1543.558]
29,温度,52.65882352942514℃;
30,时间,2018-05-22-08-14-32-481
30,波长,1543.372
30,U型长度,17
30,波长序列,[1543.505, 1543.473, 1543.43, 1543.398, 1543.371, 1543.368, 1543.362, 1543.363, 1543.372, 1543.383, 1543.402, 1543.421, 1543.439, 1543.454, 1543.473, 1543.503, 1543.544]
30,温度,34.619607843153666℃;
31,时间,2018-05-22-08-14-34-253
31,波长,1543.532
31,U型长度,2
31,波长序列,[1543.542, 1543.532]
31,温度,50.305882352943314℃;
----------结束-----------
