U型的长度92
2018-05-22-08-05-23-394---波长：1543.257nm;
波长序列长度:92
波长序列:[1543.555, 1543.513, 1543.504, 1543.464, 1543.446, 1543.426, 1543.402, 1543.383, 1543.363, 1543.346, 1543.334, 1543.319, 1543.31, 1543.3, 1543.293, 1543.287, 1543.285, 1543.282, 1543.281, 1543.278, 1543.277, 1543.274, 1543.273, 1543.271, 1543.271, 1543.268, 1543.269, 1543.266, 1543.268, 1543.265, 1543.265, 1543.263, 1543.263, 1543.262, 1543.262, 1543.261, 1543.262, 1543.26, 1543.261, 1543.259, 1543.26, 1543.258, 1543.259, 1543.257, 1543.259, 1543.256, 1543.257, 1543.255, 1543.257, 1543.255, 1543.256, 1543.255, 1543.256, 1543.255, 1543.256, 1543.255, 1543.257, 1543.256, 1543.257, 1543.256, 1543.257, 1543.256, 1543.258, 1543.256, 1543.258, 1543.257, 1543.259, 1543.258, 1543.26, 1543.259, 1543.262, 1543.261, 1543.263, 1543.262, 1543.264, 1543.264, 1543.266, 1543.265, 1543.268, 1543.269, 1543.273, 1543.273, 1543.277, 1543.278, 1543.284, 1543.292, 1543.311, 1543.34, 1543.38, 1543.421, 1543.461, 1543.514]
温度：23.345098039231203℃;
U型的长度55
2018-05-22-08-05-25-459---波长：1543.264nm;
波长序列长度:55
波长序列:[1543.522, 1543.489, 1543.446, 1543.413, 1543.378, 1543.353, 1543.33, 1543.314, 1543.303, 1543.295, 1543.287, 1543.285, 1543.28, 1543.278, 1543.273, 1543.271, 1543.268, 1543.269, 1543.268, 1543.269, 1543.267, 1543.268, 1543.265, 1543.265, 1543.263, 1543.264, 1543.263, 1543.264, 1543.263, 1543.264, 1543.263, 1543.264, 1543.263, 1543.264, 1543.263, 1543.264, 1543.264, 1543.265, 1543.265, 1543.266, 1543.266, 1543.27, 1543.27, 1543.272, 1543.272, 1543.277, 1543.279, 1543.284, 1543.293, 1543.316, 1543.348, 1543.391, 1543.441, 1543.498, 1543.565]
温度：24.031372549018897℃;
U型的长度5
2018-05-22-08-05-26-972---波长：1543.545nm;
波长序列长度:5
波长序列:[1543.554, 1543.556, 1543.545, 1543.551, 1543.566]
温度：51.580392156879334℃;
U型的长度20
2018-05-22-08-05-27-447---波长：1543.403nm;
波长序列长度:20
波长序列:[1543.526, 1543.518, 1543.476, 1543.444, 1543.416, 1543.394, 1543.382, 1543.374, 1543.377, 1543.393, 1543.403, 1543.41, 1543.403, 1543.404, 1543.408, 1543.426, 1543.451, 1543.478, 1543.504, 1543.556]
温度：37.65882352942318℃;
U型的长度48
2018-05-22-08-05-29-134---波长：1543.272nm;
波长序列长度:48
波长序列:[1543.524, 1543.481, 1543.468, 1543.437, 1543.413, 1543.388, 1543.368, 1543.346, 1543.327, 1543.307, 1543.296, 1543.286, 1543.284, 1543.281, 1543.283, 1543.282, 1543.284, 1543.282, 1543.281, 1543.278, 1543.277, 1543.275, 1543.274, 1543.272, 1543.272, 1543.272, 1543.274, 1543.272, 1543.274, 1543.272, 1543.273, 1543.272, 1543.274, 1543.273, 1543.277, 1543.278, 1543.283, 1543.284, 1543.29, 1543.295, 1543.299, 1543.305, 1543.314, 1543.33, 1543.365, 1543.423, 1543.496, 1543.575]
温度：24.815686274512835℃;
U型的长度14
2018-05-22-08-05-29-600---波长：1543.403nm;
波长序列长度:14
波长序列:[1543.545, 1543.528, 1543.47, 1543.431, 1543.404, 1543.388, 1543.384, 1543.403, 1543.416, 1543.419, 1543.428, 1543.435, 1543.456, 1543.5]
温度：37.65882352942318℃;
U型的长度71
2018-05-22-08-05-29-910---波长：1543.26nm;
波长序列长度:71
波长序列:[1543.554, 1543.511, 1543.46, 1543.429, 1543.392, 1543.365, 1543.348, 1543.327, 1543.312, 1543.3, 1543.293, 1543.286, 1543.283, 1543.28, 1543.278, 1543.274, 1543.273, 1543.269, 1543.27, 1543.266, 1543.266, 1543.264, 1543.265, 1543.264, 1543.265, 1543.263, 1543.264, 1543.262, 1543.262, 1543.26, 1543.261, 1543.26, 1543.261, 1543.26, 1543.261, 1543.26, 1543.261, 1543.26, 1543.261, 1543.26, 1543.26, 1543.259, 1543.261, 1543.26, 1543.262, 1543.261, 1543.263, 1543.262, 1543.263, 1543.263, 1543.264, 1543.264, 1543.265, 1543.265, 1543.267, 1543.267, 1543.271, 1543.272, 1543.277, 1543.279, 1543.282, 1543.283, 1543.287, 1543.295, 1543.313, 1543.339, 1543.376, 1543.425, 1543.468, 1543.504, 1543.541]
温度：23.63921568628307℃;
U型的长度53
2018-05-22-08-05-30-497---波长：1543.258nm;
波长序列长度:53
波长序列:[1543.538, 1543.471, 1543.392, 1543.343, 1543.316, 1543.298, 1543.289, 1543.281, 1543.277, 1543.272, 1543.27, 1543.267, 1543.267, 1543.264, 1543.264, 1543.262, 1543.262, 1543.26, 1543.26, 1543.259, 1543.26, 1543.258, 1543.258, 1543.257, 1543.258, 1543.257, 1543.258, 1543.257, 1543.258, 1543.258, 1543.259, 1543.259, 1543.26, 1543.259, 1543.262, 1543.261, 1543.263, 1543.263, 1543.265, 1543.265, 1543.269, 1543.269, 1543.273, 1543.275, 1543.282, 1543.284, 1543.294, 1543.311, 1543.335, 1543.375, 1543.43, 1543.494, 1543.55]
温度：23.443137254915158℃;
U型的长度100
2018-05-22-08-05-30-893---波长：1543.26nm;
波长序列长度:100
波长序列:[1543.55, 1543.511, 1543.493, 1543.457, 1543.435, 1543.419, 1543.397, 1543.376, 1543.359, 1543.344, 1543.33, 1543.321, 1543.309, 1543.301, 1543.295, 1543.291, 1543.287, 1543.285, 1543.281, 1543.28, 1543.277, 1543.277, 1543.273, 1543.273, 1543.27, 1543.271, 1543.268, 1543.268, 1543.266, 1543.267, 1543.265, 1543.266, 1543.265, 1543.265, 1543.264, 1543.264, 1543.263, 1543.263, 1543.262, 1543.263, 1543.261, 1543.262, 1543.26, 1543.261, 1543.261, 1543.261, 1543.259, 1543.261, 1543.259, 1543.261, 1543.26, 1543.26, 1543.259, 1543.26, 1543.259, 1543.26, 1543.259, 1543.26, 1543.259, 1543.259, 1543.258, 1543.26, 1543.259, 1543.261, 1543.26, 1543.262, 1543.261, 1543.262, 1543.261, 1543.263, 1543.262, 1543.263, 1543.262, 1543.264, 1543.263, 1543.264, 1543.264, 1543.265, 1543.264, 1543.266, 1543.266, 1543.269, 1543.269, 1543.273, 1543.272, 1543.275, 1543.276, 1543.28, 1543.281, 1543.284, 1543.287, 1543.294, 1543.303, 1543.323, 1543.347, 1543.388, 1543.428, 1543.476, 1543.519, 1543.548]
温度：23.63921568628307℃;
U型的长度97
2018-05-22-08-05-31-943---波长：1543.257nm;
波长序列长度:97
波长序列:[1543.55, 1543.522, 1543.487, 1543.462, 1543.44, 1543.407, 1543.385, 1543.36, 1543.346, 1543.33, 1543.318, 1543.308, 1543.299, 1543.293, 1543.287, 1543.284, 1543.28, 1543.279, 1543.277, 1543.277, 1543.273, 1543.273, 1543.27, 1543.271, 1543.267, 1543.267, 1543.266, 1543.266, 1543.264, 1543.265, 1543.263, 1543.264, 1543.262, 1543.263, 1543.262, 1543.262, 1543.261, 1543.261, 1543.26, 1543.26, 1543.259, 1543.259, 1543.258, 1543.258, 1543.257, 1543.258, 1543.256, 1543.258, 1543.257, 1543.258, 1543.256, 1543.257, 1543.256, 1543.257, 1543.257, 1543.257, 1543.256, 1543.257, 1543.257, 1543.257, 1543.256, 1543.258, 1543.258, 1543.259, 1543.258, 1543.26, 1543.259, 1543.26, 1543.259, 1543.262, 1543.261, 1543.261, 1543.261, 1543.262, 1543.262, 1543.264, 1543.263, 1543.266, 1543.265, 1543.269, 1543.268, 1543.272, 1543.271, 1543.275, 1543.275, 1543.279, 1543.282, 1543.29, 1543.301, 1543.323, 1543.352, 1543.385, 1543.415, 1543.438, 1543.469, 1543.512, 1543.562]
温度：23.345098039231203℃;
U型的长度37
2018-05-22-08-05-32-425---波长：1543.27nm;
波长序列长度:37
波长序列:[1543.507, 1543.487, 1543.445, 1543.392, 1543.327, 1543.297, 1543.284, 1543.284, 1543.28, 1543.281, 1543.279, 1543.28, 1543.276, 1543.275, 1543.272, 1543.271, 1543.27, 1543.271, 1543.27, 1543.272, 1543.272, 1543.274, 1543.272, 1543.274, 1543.273, 1543.277, 1543.278, 1543.283, 1543.286, 1543.295, 1543.304, 1543.318, 1543.33, 1543.351, 1543.395, 1543.461, 1543.524]
温度：24.619607843144923℃;
U型的长度81
2018-05-22-08-05-32-747---波长：1543.255nm;
波长序列长度:81
波长序列:[1543.535, 1543.497, 1543.463, 1543.428, 1543.4, 1543.374, 1543.348, 1543.329, 1543.312, 1543.301, 1543.29, 1543.287, 1543.282, 1543.281, 1543.277, 1543.276, 1543.272, 1543.272, 1543.27, 1543.27, 1543.267, 1543.267, 1543.264, 1543.265, 1543.262, 1543.263, 1543.262, 1543.262, 1543.261, 1543.261, 1543.26, 1543.26, 1543.258, 1543.259, 1543.257, 1543.258, 1543.257, 1543.257, 1543.256, 1543.257, 1543.255, 1543.257, 1543.255, 1543.256, 1543.255, 1543.256, 1543.255, 1543.256, 1543.256, 1543.257, 1543.256, 1543.258, 1543.256, 1543.259, 1543.258, 1543.259, 1543.258, 1543.26, 1543.259, 1543.261, 1543.26, 1543.262, 1543.262, 1543.265, 1543.265, 1543.268, 1543.268, 1543.271, 1543.271, 1543.273, 1543.275, 1543.279, 1543.282, 1543.292, 1543.304, 1543.323, 1543.35, 1543.39, 1543.443, 1543.492, 1543.554]
温度：23.149019607863288℃;
U型的长度51
2018-05-22-08-05-33-271---波长：1543.256nm;
波长序列长度:51
波长序列:[1543.567, 1543.482, 1543.406, 1543.344, 1543.307, 1543.29, 1543.282, 1543.277, 1543.271, 1543.27, 1543.266, 1543.265, 1543.263, 1543.263, 1543.261, 1543.261, 1543.258, 1543.259, 1543.257, 1543.258, 1543.256, 1543.257, 1543.255, 1543.257, 1543.255, 1543.256, 1543.256, 1543.257, 1543.256, 1543.258, 1543.257, 1543.259, 1543.259, 1543.262, 1543.261, 1543.263, 1543.263, 1543.265, 1543.265, 1543.268, 1543.27, 1543.275, 1543.278, 1543.282, 1543.287, 1543.302, 1543.326, 1543.365, 1543.419, 1543.483, 1543.553]
温度：23.247058823547246℃;
U型的长度81
2018-05-22-08-05-33-599---波长：1543.255nm;
波长序列长度:81
波长序列:[1543.551, 1543.505, 1543.466, 1543.425, 1543.395, 1543.366, 1543.346, 1543.323, 1543.306, 1543.296, 1543.289, 1543.284, 1543.28, 1543.279, 1543.274, 1543.273, 1543.271, 1543.27, 1543.267, 1543.267, 1543.265, 1543.265, 1543.263, 1543.263, 1543.262, 1543.262, 1543.261, 1543.262, 1543.26, 1543.26, 1543.258, 1543.258, 1543.257, 1543.257, 1543.256, 1543.257, 1543.255, 1543.256, 1543.255, 1543.257, 1543.255, 1543.256, 1543.255, 1543.256, 1543.254, 1543.255, 1543.255, 1543.255, 1543.256, 1543.256, 1543.256, 1543.258, 1543.257, 1543.258, 1543.258, 1543.259, 1543.258, 1543.26, 1543.26, 1543.262, 1543.262, 1543.263, 1543.263, 1543.265, 1543.266, 1543.267, 1543.267, 1543.271, 1543.271, 1543.275, 1543.278, 1543.283, 1543.285, 1543.297, 1543.31, 1543.329, 1543.356, 1543.39, 1543.438, 1543.477, 1543.54]
温度：23.149019607863288℃;
U型的长度57
2018-05-22-08-05-34-118---波长：1543.256nm;
波长序列长度:57
波长序列:[1543.544, 1543.462, 1543.395, 1543.344, 1543.311, 1543.292, 1543.285, 1543.279, 1543.278, 1543.272, 1543.27, 1543.266, 1543.266, 1543.264, 1543.263, 1543.261, 1543.262, 1543.259, 1543.26, 1543.258, 1543.259, 1543.256, 1543.258, 1543.256, 1543.257, 1543.255, 1543.256, 1543.255, 1543.256, 1543.256, 1543.256, 1543.256, 1543.257, 1543.256, 1543.258, 1543.257, 1543.259, 1543.259, 1543.261, 1543.26, 1543.263, 1543.263, 1543.265, 1543.265, 1543.268, 1543.269, 1543.273, 1543.274, 1543.279, 1543.282, 1543.29, 1543.302, 1543.326, 1543.361, 1543.405, 1543.461, 1543.512]
温度：23.247058823547246℃;
U型的长度91
2018-05-22-08-05-34-464---波长：1543.256nm;
波长序列长度:91
波长序列:[1543.557, 1543.53, 1543.501, 1543.455, 1543.428, 1543.408, 1543.379, 1543.361, 1543.343, 1543.326, 1543.311, 1543.302, 1543.294, 1543.289, 1543.283, 1543.282, 1543.277, 1543.277, 1543.273, 1543.273, 1543.271, 1543.27, 1543.267, 1543.268, 1543.266, 1543.266, 1543.264, 1543.264, 1543.262, 1543.263, 1543.261, 1543.263, 1543.26, 1543.261, 1543.258, 1543.26, 1543.258, 1543.258, 1543.257, 1543.257, 1543.257, 1543.258, 1543.256, 1543.257, 1543.255, 1543.256, 1543.255, 1543.256, 1543.255, 1543.256, 1543.255, 1543.256, 1543.255, 1543.256, 1543.255, 1543.256, 1543.256, 1543.257, 1543.256, 1543.258, 1543.257, 1543.258, 1543.257, 1543.259, 1543.259, 1543.26, 1543.26, 1543.262, 1543.261, 1543.264, 1543.262, 1543.265, 1543.264, 1543.266, 1543.266, 1543.268, 1543.269, 1543.272, 1543.274, 1543.277, 1543.278, 1543.284, 1543.286, 1543.296, 1543.306, 1543.32, 1543.342, 1543.37, 1543.41, 1543.453, 1543.495]
温度：23.247058823547246℃;
U型的长度97
2018-05-22-08-05-35-055---波长：1543.257nm;
波长序列长度:97
波长序列:[1543.564, 1543.518, 1543.472, 1543.421, 1543.377, 1543.343, 1543.32, 1543.302, 1543.293, 1543.285, 1543.283, 1543.278, 1543.276, 1543.272, 1543.272, 1543.268, 1543.267, 1543.265, 1543.265, 1543.263, 1543.264, 1543.263, 1543.263, 1543.261, 1543.261, 1543.259, 1543.26, 1543.259, 1543.259, 1543.257, 1543.258, 1543.257, 1543.258, 1543.256, 1543.257, 1543.256, 1543.257, 1543.256, 1543.257, 1543.255, 1543.256, 1543.255, 1543.256, 1543.256, 1543.256, 1543.256, 1543.257, 1543.256, 1543.257, 1543.256, 1543.257, 1543.258, 1543.257, 1543.258, 1543.259, 1543.258, 1543.26, 1543.26, 1543.26, 1543.26, 1543.262, 1543.261, 1543.263, 1543.263, 1543.264, 1543.263, 1543.265, 1543.264, 1543.266, 1543.266, 1543.268, 1543.267, 1543.271, 1543.27, 1543.272, 1543.273, 1543.276, 1543.276, 1543.279, 1543.279, 1543.284, 1543.283, 1543.288, 1543.292, 1543.299, 1543.307, 1543.319, 1543.328, 1543.344, 1543.364, 1543.382, 1543.4, 1543.425, 1543.449, 1543.481, 1543.505, 1543.534]
温度：23.345098039231203℃;
U型的长度62
2018-05-22-08-05-35-371---波长：1543.265nm;
波长序列长度:62
波长序列:[1543.538, 1543.488, 1543.463, 1543.441, 1543.42, 1543.39, 1543.369, 1543.34, 1543.323, 1543.305, 1543.296, 1543.288, 1543.284, 1543.28, 1543.28, 1543.279, 1543.279, 1543.276, 1543.276, 1543.271, 1543.271, 1543.268, 1543.27, 1543.266, 1543.268, 1543.266, 1543.267, 1543.265, 1543.266, 1543.265, 1543.266, 1543.265, 1543.267, 1543.265, 1543.266, 1543.264, 1543.265, 1543.264, 1543.267, 1543.267, 1543.269, 1543.268, 1543.27, 1543.268, 1543.271, 1543.27, 1543.271, 1543.271, 1543.274, 1543.274, 1543.278, 1543.28, 1543.287, 1543.294, 1543.305, 1543.321, 1543.34, 1543.358, 1543.381, 1543.421, 1543.473, 1543.536]
温度：24.12941176472514℃;
U型的长度33
2018-05-22-08-05-35-882---波长：1543.277nm;
波长序列长度:33
波长序列:[1543.556, 1543.486, 1543.444, 1543.401, 1543.365, 1543.327, 1543.306, 1543.292, 1543.287, 1543.283, 1543.285, 1543.282, 1543.28, 1543.277, 1543.278, 1543.275, 1543.277, 1543.278, 1543.281, 1543.28, 1543.28, 1543.278, 1543.279, 1543.279, 1543.286, 1543.294, 1543.318, 1543.342, 1543.381, 1543.41, 1543.448, 1543.48, 1543.534]
温度：25.30588235295491℃;
U型的长度84
2018-05-22-08-05-36-212---波长：1543.256nm;
波长序列长度:84
波长序列:[1543.561, 1543.508, 1543.476, 1543.434, 1543.404, 1543.378, 1543.353, 1543.332, 1543.317, 1543.301, 1543.293, 1543.286, 1543.283, 1543.278, 1543.277, 1543.273, 1543.273, 1543.269, 1543.269, 1543.266, 1543.266, 1543.264, 1543.264, 1543.263, 1543.263, 1543.262, 1543.262, 1543.26, 1543.26, 1543.258, 1543.259, 1543.258, 1543.258, 1543.257, 1543.258, 1543.256, 1543.257, 1543.256, 1543.257, 1543.256, 1543.256, 1543.256, 1543.256, 1543.254, 1543.256, 1543.255, 1543.256, 1543.255, 1543.256, 1543.255, 1543.257, 1543.256, 1543.258, 1543.257, 1543.259, 1543.258, 1543.259, 1543.259, 1543.26, 1543.26, 1543.262, 1543.261, 1543.263, 1543.262, 1543.264, 1543.264, 1543.266, 1543.266, 1543.269, 1543.269, 1543.272, 1543.273, 1543.277, 1543.279, 1543.284, 1543.286, 1543.295, 1543.305, 1543.32, 1543.343, 1543.375, 1543.414, 1543.452, 1543.51]
温度：23.247058823547246℃;
U型的长度61
2018-05-22-08-05-36-774---波长：1543.257nm;
波长序列长度:61
波长序列:[1543.556, 1543.465, 1543.411, 1543.361, 1543.324, 1543.302, 1543.291, 1543.283, 1543.28, 1543.275, 1543.274, 1543.269, 1543.269, 1543.265, 1543.265, 1543.263, 1543.263, 1543.261, 1543.262, 1543.259, 1543.26, 1543.258, 1543.259, 1543.257, 1543.258, 1543.256, 1543.258, 1543.256, 1543.257, 1543.256, 1543.257, 1543.256, 1543.257, 1543.257, 1543.258, 1543.257, 1543.258, 1543.258, 1543.26, 1543.259, 1543.262, 1543.261, 1543.263, 1543.262, 1543.264, 1543.265, 1543.267, 1543.268, 1543.271, 1543.272, 1543.277, 1543.279, 1543.284, 1543.289, 1543.301, 1543.317, 1543.348, 1543.385, 1543.428, 1543.486, 1543.563]
温度：23.345098039231203℃;
U型的长度89
2018-05-22-08-05-37-103---波长：1543.255nm;
波长序列长度:89
波长序列:[1543.576, 1543.512, 1543.474, 1543.444, 1543.415, 1543.385, 1543.364, 1543.344, 1543.327, 1543.311, 1543.299, 1543.291, 1543.285, 1543.283, 1543.279, 1543.277, 1543.273, 1543.273, 1543.27, 1543.27, 1543.267, 1543.268, 1543.265, 1543.265, 1543.264, 1543.264, 1543.262, 1543.263, 1543.261, 1543.261, 1543.26, 1543.26, 1543.259, 1543.259, 1543.257, 1543.258, 1543.256, 1543.257, 1543.256, 1543.257, 1543.255, 1543.256, 1543.256, 1543.256, 1543.255, 1543.256, 1543.255, 1543.256, 1543.254, 1543.256, 1543.255, 1543.256, 1543.255, 1543.256, 1543.256, 1543.257, 1543.256, 1543.258, 1543.257, 1543.259, 1543.258, 1543.259, 1543.259, 1543.26, 1543.26, 1543.262, 1543.262, 1543.263, 1543.263, 1543.265, 1543.264, 1543.267, 1543.267, 1543.269, 1543.27, 1543.273, 1543.274, 1543.278, 1543.28, 1543.286, 1543.289, 1543.299, 1543.31, 1543.33, 1543.359, 1543.392, 1543.424, 1543.469, 1543.543]
温度：23.149019607863288℃;
U型的长度52
2018-05-22-08-05-37-630---波长：1543.255nm;
波长序列长度:52
波长序列:[1543.558, 1543.471, 1543.397, 1543.342, 1543.307, 1543.289, 1543.282, 1543.278, 1543.272, 1543.27, 1543.266, 1543.265, 1543.263, 1543.263, 1543.261, 1543.261, 1543.259, 1543.259, 1543.257, 1543.258, 1543.256, 1543.256, 1543.255, 1543.256, 1543.254, 1543.255, 1543.255, 1543.256, 1543.255, 1543.256, 1543.255, 1543.257, 1543.257, 1543.258, 1543.258, 1543.26, 1543.26, 1543.262, 1543.262, 1543.265, 1543.265, 1543.269, 1543.269, 1543.274, 1543.277, 1543.284, 1543.293, 1543.312, 1543.345, 1543.391, 1543.457, 1543.53]
温度：23.149019607863288℃;
U型的长度89
2018-05-22-08-05-37-960---波长：1543.257nm;
波长序列长度:89
波长序列:[1543.535, 1543.493, 1543.466, 1543.44, 1543.412, 1543.387, 1543.365, 1543.347, 1543.33, 1543.316, 1543.304, 1543.296, 1543.29, 1543.284, 1543.282, 1543.279, 1543.278, 1543.275, 1543.274, 1543.272, 1543.271, 1543.268, 1543.269, 1543.266, 1543.267, 1543.265, 1543.265, 1543.263, 1543.263, 1543.262, 1543.262, 1543.26, 1543.261, 1543.259, 1543.26, 1543.258, 1543.26, 1543.257, 1543.259, 1543.257, 1543.258, 1543.256, 1543.256, 1543.256, 1543.257, 1543.256, 1543.256, 1543.255, 1543.257, 1543.255, 1543.256, 1543.255, 1543.256, 1543.255, 1543.257, 1543.256, 1543.257, 1543.256, 1543.258, 1543.257, 1543.259, 1543.258, 1543.26, 1543.259, 1543.26, 1543.26, 1543.262, 1543.262, 1543.263, 1543.264, 1543.265, 1543.265, 1543.267, 1543.267, 1543.27, 1543.271, 1543.275, 1543.276, 1543.281, 1543.284, 1543.293, 1543.301, 1543.321, 1543.34, 1543.374, 1543.421, 1543.472, 1543.51, 1543.567]
温度：23.345098039231203℃;
----------结束-----------
