1,时间,2018-05-22-08-15-38-284
1,波长,1543.277
1,U型长度,35
1,波长序列,[1543.528, 1543.47, 1543.433, 1543.403, 1543.376, 1543.346, 1543.322, 1543.308, 1543.296, 1543.289, 1543.285, 1543.282, 1543.281, 1543.279, 1543.279, 1543.278, 1543.279, 1543.277, 1543.277, 1543.275, 1543.276, 1543.276, 1543.277, 1543.276, 1543.278, 1543.278, 1543.284, 1543.288, 1543.296, 1543.304, 1543.319, 1543.341, 1543.383, 1543.432, 1543.481]
1,温度,25.30588235295491℃;

2,时间,2018-05-22-08-15-38-662
2,波长,1543.273
2,U型长度,35
2,波长序列,[1543.557, 1543.509, 1543.441, 1543.374, 1543.326, 1543.306, 1543.292, 1543.286, 1543.281, 1543.279, 1543.274, 1543.274, 1543.272, 1543.273, 1543.271, 1543.272, 1543.271, 1543.273, 1543.272, 1543.273, 1543.272, 1543.274, 1543.274, 1543.278, 1543.278, 1543.281, 1543.284, 1543.29, 1543.298, 1543.312, 1543.328, 1543.358, 1543.399, 1543.453, 1543.511]
2,温度,24.913725490196793℃;

3,时间,2018-05-22-08-15-38-981
3,波长,1543.276
3,U型长度,32
3,波长序列,[1543.531, 1543.46, 1543.41, 1543.372, 1543.342, 1543.319, 1543.305, 1543.295, 1543.287, 1543.287, 1543.282, 1543.283, 1543.281, 1543.282, 1543.278, 1543.278, 1543.276, 1543.278, 1543.277, 1543.277, 1543.275, 1543.279, 1543.282, 1543.288, 1543.294, 1543.306, 1543.322, 1543.345, 1543.379, 1543.419, 1543.488, 1543.569]
3,温度,25.207843137270952℃;

4,时间,2018-05-22-08-15-39-404
4,波长,1543.263
4,U型长度,50
4,波长序列,[1543.545, 1543.479, 1543.414, 1543.374, 1543.347, 1543.322, 1543.306, 1543.291, 1543.284, 1543.277, 1543.276, 1543.272, 1543.272, 1543.269, 1543.27, 1543.267, 1543.27, 1543.268, 1543.268, 1543.266, 1543.266, 1543.264, 1543.264, 1543.262, 1543.264, 1543.263, 1543.266, 1543.265, 1543.268, 1543.267, 1543.269, 1543.268, 1543.271, 1543.27, 1543.272, 1543.273, 1543.274, 1543.276, 1543.279, 1543.281, 1543.284, 1543.289, 1543.3, 1543.31, 1543.334, 1543.362, 1543.397, 1543.439, 1543.475, 1543.523]
4,温度,23.93333333333494℃;

5,时间,2018-05-22-08-15-39-681
5,波长,1543.272
5,U型长度,32
5,波长序列,[1543.544, 1543.49, 1543.437, 1543.384, 1543.343, 1543.32, 1543.301, 1543.292, 1543.285, 1543.283, 1543.279, 1543.28, 1543.277, 1543.278, 1543.276, 1543.275, 1543.272, 1543.272, 1543.269, 1543.27, 1543.268, 1543.272, 1543.273, 1543.278, 1543.278, 1543.283, 1543.287, 1543.303, 1543.326, 1543.354, 1543.399, 1543.479]
5,温度,24.815686274512835℃;

6,时间,2018-05-22-08-15-40-114
6,波长,1543.264
6,U型长度,37
6,波长序列,[1543.546, 1543.45, 1543.37, 1543.322, 1543.301, 1543.288, 1543.282, 1543.275, 1543.272, 1543.269, 1543.269, 1543.265, 1543.266, 1543.263, 1543.264, 1543.263, 1543.264, 1543.262, 1543.264, 1543.263, 1543.265, 1543.264, 1543.266, 1543.265, 1543.267, 1543.268, 1543.271, 1543.272, 1543.275, 1543.278, 1543.283, 1543.292, 1543.304, 1543.33, 1543.372, 1543.443, 1543.535]
6,温度,24.031372549018897℃;

7,时间,2018-05-22-08-15-40-410
7,波长,1543.271
7,U型长度,36
7,波长序列,[1543.534, 1543.478, 1543.415, 1543.364, 1543.337, 1543.315, 1543.302, 1543.29, 1543.287, 1543.283, 1543.281, 1543.278, 1543.278, 1543.275, 1543.274, 1543.272, 1543.272, 1543.27, 1543.271, 1543.269, 1543.27, 1543.268, 1543.27, 1543.269, 1543.272, 1543.274, 1543.277, 1543.278, 1543.283, 1543.284, 1543.295, 1543.303, 1543.323, 1543.361, 1543.415, 1543.505]
7,温度,24.71764705882888℃;

8,时间,2018-05-22-08-15-40-875
8,波长,1543.263
8,U型长度,41
8,波长序列,[1543.526, 1543.452, 1543.38, 1543.333, 1543.301, 1543.288, 1543.28, 1543.278, 1543.272, 1543.271, 1543.268, 1543.267, 1543.265, 1543.265, 1543.263, 1543.264, 1543.263, 1543.263, 1543.262, 1543.264, 1543.263, 1543.264, 1543.263, 1543.265, 1543.264, 1543.265, 1543.265, 1543.268, 1543.269, 1543.272, 1543.272, 1543.276, 1543.278, 1543.283, 1543.285, 1543.293, 1543.309, 1543.345, 1543.397, 1543.467, 1543.565]
8,温度,23.93333333333494℃;

9,时间,2018-05-22-08-15-41-166
9,波长,1543.267
9,U型长度,40
9,波长序列,[1543.536, 1543.492, 1543.437, 1543.389, 1543.356, 1543.331, 1543.313, 1543.301, 1543.291, 1543.287, 1543.282, 1543.282, 1543.278, 1543.278, 1543.275, 1543.275, 1543.272, 1543.271, 1543.269, 1543.27, 1543.267, 1543.27, 1543.268, 1543.269, 1543.268, 1543.271, 1543.271, 1543.275, 1543.274, 1543.278, 1543.279, 1543.284, 1543.288, 1543.297, 1543.311, 1543.334, 1543.37, 1543.413, 1543.473, 1543.571]
9,温度,24.325490196093057℃;

10,时间,2018-05-22-08-15-41-615
10,波长,1543.265
10,U型长度,40
10,波长序列,[1543.51, 1543.437, 1543.393, 1543.35, 1543.318, 1543.297, 1543.286, 1543.278, 1543.276, 1543.272, 1543.271, 1543.268, 1543.269, 1543.266, 1543.267, 1543.265, 1543.265, 1543.264, 1543.264, 1543.263, 1543.265, 1543.264, 1543.267, 1543.267, 1543.268, 1543.267, 1543.27, 1543.271, 1543.274, 1543.275, 1543.278, 1543.28, 1543.286, 1543.296, 1543.311, 1543.327, 1543.359, 1543.414, 1543.485, 1543.56]
10,温度,24.12941176472514℃;

11,时间,2018-05-22-08-15-41-894
11,波长,1543.268
11,U型长度,45
11,波长序列,[1543.567, 1543.515, 1543.466, 1543.423, 1543.396, 1543.36, 1543.34, 1543.323, 1543.311, 1543.299, 1543.291, 1543.286, 1543.282, 1543.282, 1543.279, 1543.279, 1543.276, 1543.276, 1543.272, 1543.273, 1543.271, 1543.271, 1543.268, 1543.27, 1543.267, 1543.268, 1543.266, 1543.268, 1543.269, 1543.271, 1543.271, 1543.274, 1543.273, 1543.277, 1543.277, 1543.282, 1543.284, 1543.292, 1543.297, 1543.308, 1543.325, 1543.349, 1543.396, 1543.452, 1543.516]
11,温度,24.42352941177701℃;

12,时间,2018-05-22-08-15-42-358
12,波长,1543.263
12,U型长度,36
12,波长序列,[1543.517, 1543.443, 1543.375, 1543.32, 1543.294, 1543.287, 1543.281, 1543.277, 1543.271, 1543.271, 1543.267, 1543.267, 1543.265, 1543.265, 1543.263, 1543.264, 1543.263, 1543.264, 1543.263, 1543.265, 1543.263, 1543.265, 1543.265, 1543.267, 1543.267, 1543.271, 1543.272, 1543.276, 1543.277, 1543.284, 1543.289, 1543.302, 1543.322, 1543.368, 1543.445, 1543.514]
12,温度,23.93333333333494℃;

13,时间,2018-05-22-08-15-42-642
13,波长,1543.268
13,U型长度,40
13,波长序列,[1543.519, 1543.451, 1543.406, 1543.371, 1543.353, 1543.337, 1543.315, 1543.3, 1543.29, 1543.286, 1543.281, 1543.281, 1543.278, 1543.278, 1543.274, 1543.273, 1543.271, 1543.271, 1543.269, 1543.269, 1543.268, 1543.269, 1543.269, 1543.27, 1543.271, 1543.272, 1543.272, 1543.276, 1543.276, 1543.279, 1543.281, 1543.285, 1543.292, 1543.302, 1543.313, 1543.33, 1543.365, 1543.42, 1543.475, 1543.546]
13,温度,24.42352941177701℃;

14,时间,2018-05-22-08-15-43-124
14,波长,1543.263
14,U型长度,36
14,波长序列,[1543.515, 1543.456, 1543.37, 1543.319, 1543.299, 1543.291, 1543.283, 1543.278, 1543.273, 1543.271, 1543.269, 1543.269, 1543.266, 1543.266, 1543.265, 1543.264, 1543.263, 1543.264, 1543.263, 1543.264, 1543.264, 1543.266, 1543.265, 1543.268, 1543.268, 1543.271, 1543.272, 1543.277, 1543.279, 1543.284, 1543.294, 1543.31, 1543.33, 1543.379, 1543.457, 1543.548]
14,温度,23.93333333333494℃;

15,时间,2018-05-22-08-15-43-394
15,波长,1543.268
15,U型长度,41
15,波长序列,[1543.558, 1543.492, 1543.432, 1543.392, 1543.351, 1543.328, 1543.317, 1543.306, 1543.296, 1543.286, 1543.283, 1543.279, 1543.279, 1543.275, 1543.276, 1543.272, 1543.272, 1543.269, 1543.27, 1543.267, 1543.268, 1543.266, 1543.268, 1543.267, 1543.269, 1543.268, 1543.271, 1543.271, 1543.273, 1543.273, 1543.275, 1543.274, 1543.279, 1543.282, 1543.289, 1543.296, 1543.313, 1543.34, 1543.383, 1543.441, 1543.506]
15,温度,24.42352941177701℃;

16,时间,2018-05-22-08-15-43-881
16,波长,1543.263
16,U型长度,50
16,波长序列,[1543.567, 1543.499, 1543.439, 1543.379, 1543.332, 1543.309, 1543.294, 1543.286, 1543.281, 1543.279, 1543.275, 1543.273, 1543.269, 1543.27, 1543.266, 1543.266, 1543.265, 1543.265, 1543.263, 1543.264, 1543.262, 1543.263, 1543.262, 1543.263, 1543.262, 1543.263, 1543.262, 1543.264, 1543.263, 1543.264, 1543.264, 1543.266, 1543.265, 1543.268, 1543.269, 1543.273, 1543.271, 1543.274, 1543.273, 1543.279, 1543.28, 1543.284, 1543.288, 1543.299, 1543.322, 1543.352, 1543.392, 1543.432, 1543.464, 1543.511]
16,温度,23.93333333333494℃;

17,时间,2018-05-22-08-15-44-170
17,波长,1543.266
17,U型长度,40
17,波长序列,[1543.53, 1543.475, 1543.435, 1543.387, 1543.346, 1543.32, 1543.304, 1543.296, 1543.288, 1543.284, 1543.28, 1543.279, 1543.276, 1543.275, 1543.272, 1543.271, 1543.269, 1543.27, 1543.267, 1543.267, 1543.266, 1543.267, 1543.266, 1543.269, 1543.268, 1543.27, 1543.269, 1543.271, 1543.271, 1543.275, 1543.275, 1543.279, 1543.281, 1543.285, 1543.295, 1543.317, 1543.344, 1543.385, 1543.444, 1543.51]
17,温度,24.2274509804091℃;

18,时间,2018-05-22-08-15-44-636
18,波长,1543.262
18,U型长度,43
18,波长序列,[1543.505, 1543.432, 1543.376, 1543.328, 1543.306, 1543.292, 1543.288, 1543.28, 1543.277, 1543.272, 1543.271, 1543.268, 1543.268, 1543.265, 1543.265, 1543.263, 1543.264, 1543.263, 1543.264, 1543.262, 1543.263, 1543.262, 1543.263, 1543.262, 1543.264, 1543.263, 1543.265, 1543.265, 1543.268, 1543.268, 1543.271, 1543.271, 1543.275, 1543.276, 1543.282, 1543.284, 1543.291, 1543.302, 1543.325, 1543.371, 1543.422, 1543.488, 1543.555]
18,温度,23.83529411765098℃;

19,时间,2018-05-22-08-15-44-917
19,波长,1543.268
19,U型长度,36
19,波长序列,[1543.528, 1543.471, 1543.413, 1543.371, 1543.338, 1543.318, 1543.301, 1543.293, 1543.285, 1543.284, 1543.279, 1543.278, 1543.274, 1543.274, 1543.27, 1543.271, 1543.269, 1543.27, 1543.268, 1543.269, 1543.269, 1543.271, 1543.271, 1543.273, 1543.272, 1543.276, 1543.277, 1543.281, 1543.284, 1543.293, 1543.303, 1543.322, 1543.349, 1543.402, 1543.482, 1543.56]
19,温度,24.42352941177701℃;

20,时间,2018-05-22-08-15-45-401
20,波长,1543.264
20,U型长度,53
20,波长序列,[1543.521, 1543.469, 1543.424, 1543.375, 1543.345, 1543.318, 1543.303, 1543.293, 1543.288, 1543.281, 1543.279, 1543.274, 1543.273, 1543.27, 1543.27, 1543.267, 1543.267, 1543.265, 1543.266, 1543.264, 1543.265, 1543.264, 1543.264, 1543.263, 1543.264, 1543.263, 1543.264, 1543.263, 1543.264, 1543.264, 1543.265, 1543.264, 1543.265, 1543.264, 1543.267, 1543.267, 1543.27, 1543.27, 1543.273, 1543.273, 1543.277, 1543.279, 1543.283, 1543.284, 1543.289, 1543.297, 1543.311, 1543.338, 1543.369, 1543.415, 1543.455, 1543.494, 1543.548]
20,温度,24.031372549018897℃;

21,时间,2018-05-22-08-15-45-695
21,波长,1543.267
21,U型长度,41
21,波长序列,[1543.587, 1543.542, 1543.499, 1543.433, 1543.39, 1543.347, 1543.323, 1543.31, 1543.298, 1543.291, 1543.283, 1543.282, 1543.278, 1543.277, 1543.273, 1543.273, 1543.271, 1543.27, 1543.269, 1543.269, 1543.267, 1543.268, 1543.267, 1543.27, 1543.27, 1543.271, 1543.271, 1543.273, 1543.272, 1543.275, 1543.276, 1543.279, 1543.28, 1543.285, 1543.292, 1543.302, 1543.317, 1543.343, 1543.374, 1543.428, 1543.501]
21,温度,24.325490196093057℃;

22,时间,2018-05-22-08-15-46-179
22,波长,1543.264
22,U型长度,48
22,波长序列,[1543.542, 1543.483, 1543.421, 1543.371, 1543.334, 1543.312, 1543.3, 1543.295, 1543.287, 1543.283, 1543.278, 1543.274, 1543.271, 1543.272, 1543.268, 1543.269, 1543.267, 1543.268, 1543.265, 1543.265, 1543.264, 1543.266, 1543.263, 1543.265, 1543.264, 1543.265, 1543.264, 1543.265, 1543.264, 1543.265, 1543.265, 1543.268, 1543.268, 1543.27, 1543.271, 1543.273, 1543.273, 1543.278, 1543.281, 1543.285, 1543.288, 1543.298, 1543.311, 1543.336, 1543.378, 1543.418, 1543.472, 1543.527]
22,温度,24.031372549018897℃;

23,时间,2018-05-22-08-15-46-497
23,波长,1543.268
23,U型长度,45
23,波长序列,[1543.55, 1543.518, 1543.47, 1543.422, 1543.384, 1543.352, 1543.327, 1543.308, 1543.299, 1543.29, 1543.285, 1543.281, 1543.279, 1543.274, 1543.274, 1543.271, 1543.272, 1543.268, 1543.27, 1543.267, 1543.268, 1543.266, 1543.268, 1543.266, 1543.269, 1543.268, 1543.269, 1543.269, 1543.271, 1543.271, 1543.272, 1543.272, 1543.274, 1543.275, 1543.279, 1543.281, 1543.286, 1543.291, 1543.305, 1543.319, 1543.345, 1543.382, 1543.432, 1543.485, 1543.546]
23,温度,24.42352941177701℃;

24,时间,2018-05-22-08-15-46-995
24,波长,1543.262
24,U型长度,39
24,波长序列,[1543.522, 1543.441, 1543.381, 1543.342, 1543.312, 1543.296, 1543.286, 1543.28, 1543.277, 1543.271, 1543.271, 1543.265, 1543.265, 1543.264, 1543.264, 1543.263, 1543.265, 1543.264, 1543.264, 1543.262, 1543.263, 1543.263, 1543.265, 1543.263, 1543.265, 1543.265, 1543.268, 1543.268, 1543.272, 1543.273, 1543.278, 1543.28, 1543.287, 1543.295, 1543.312, 1543.347, 1543.409, 1543.476, 1543.551]
24,温度,23.83529411765098℃;

25,时间,2018-05-22-08-15-47-311
25,波长,1543.268
25,U型长度,39
25,波长序列,[1543.562, 1543.499, 1543.449, 1543.4, 1543.353, 1543.329, 1543.314, 1543.299, 1543.29, 1543.283, 1543.281, 1543.277, 1543.276, 1543.273, 1543.273, 1543.27, 1543.271, 1543.268, 1543.269, 1543.268, 1543.27, 1543.269, 1543.271, 1543.27, 1543.273, 1543.272, 1543.274, 1543.274, 1543.277, 1543.276, 1543.278, 1543.279, 1543.289, 1543.303, 1543.327, 1543.348, 1543.37, 1543.417, 1543.49]
25,温度,24.42352941177701℃;

26,时间,2018-05-22-08-15-47-781
26,波长,1543.264
26,U型长度,39
26,波长序列,[1543.493, 1543.416, 1543.374, 1543.339, 1543.314, 1543.297, 1543.288, 1543.281, 1543.278, 1543.273, 1543.271, 1543.269, 1543.269, 1543.266, 1543.266, 1543.265, 1543.266, 1543.264, 1543.265, 1543.264, 1543.265, 1543.264, 1543.265, 1543.264, 1543.266, 1543.266, 1543.269, 1543.27, 1543.273, 1543.275, 1543.28, 1543.283, 1543.29, 1543.297, 1543.319, 1543.354, 1543.417, 1543.472, 1543.533]
26,温度,24.031372549018897℃;

27,时间,2018-05-22-08-15-48-073
27,波长,1543.269
27,U型长度,39
27,波长序列,[1543.535, 1543.481, 1543.424, 1543.381, 1543.349, 1543.327, 1543.308, 1543.294, 1543.288, 1543.284, 1543.279, 1543.278, 1543.275, 1543.274, 1543.271, 1543.271, 1543.269, 1543.27, 1543.268, 1543.269, 1543.268, 1543.271, 1543.269, 1543.271, 1543.271, 1543.273, 1543.273, 1543.277, 1543.277, 1543.281, 1543.281, 1543.288, 1543.295, 1543.308, 1543.324, 1543.349, 1543.388, 1543.44, 1543.511]
27,温度,24.52156862746097℃;

28,时间,2018-05-22-08-15-48-570
28,波长,1543.261
28,U型长度,46
28,波长序列,[1543.503, 1543.418, 1543.369, 1543.339, 1543.316, 1543.298, 1543.288, 1543.281, 1543.279, 1543.274, 1543.272, 1543.269, 1543.269, 1543.265, 1543.265, 1543.264, 1543.265, 1543.263, 1543.264, 1543.262, 1543.263, 1543.262, 1543.262, 1543.261, 1543.263, 1543.262, 1543.263, 1543.263, 1543.264, 1543.264, 1543.266, 1543.266, 1543.27, 1543.27, 1543.273, 1543.275, 1543.279, 1543.281, 1543.288, 1543.298, 1543.32, 1543.351, 1543.393, 1543.437, 1543.472, 1543.529]
28,温度,23.737254901967027℃;

29,时间,2018-05-22-08-15-48-881
29,波长,1543.269
29,U型长度,39
29,波长序列,[1543.559, 1543.49, 1543.438, 1543.391, 1543.351, 1543.323, 1543.307, 1543.295, 1543.287, 1543.284, 1543.279, 1543.277, 1543.274, 1543.274, 1543.271, 1543.271, 1543.269, 1543.269, 1543.267, 1543.269, 1543.267, 1543.269, 1543.268, 1543.27, 1543.27, 1543.272, 1543.272, 1543.275, 1543.275, 1543.279, 1543.279, 1543.285, 1543.289, 1543.301, 1543.315, 1543.342, 1543.377, 1543.42, 1543.49]
29,温度,24.52156862746097℃;

30,时间,2018-05-22-08-15-49-395
30,波长,1543.26
30,U型长度,54
30,波长序列,[1543.553, 1543.462, 1543.402, 1543.37, 1543.343, 1543.317, 1543.302, 1543.288, 1543.283, 1543.278, 1543.277, 1543.273, 1543.271, 1543.269, 1543.268, 1543.265, 1543.265, 1543.263, 1543.264, 1543.262, 1543.263, 1543.261, 1543.263, 1543.262, 1543.262, 1543.261, 1543.261, 1543.26, 1543.262, 1543.261, 1543.262, 1543.261, 1543.264, 1543.263, 1543.264, 1543.264, 1543.266, 1543.266, 1543.268, 1543.269, 1543.271, 1543.272, 1543.277, 1543.279, 1543.284, 1543.29, 1543.301, 1543.314, 1543.337, 1543.366, 1543.397, 1543.426, 1543.473, 1543.531]
30,温度,23.63921568628307℃;

31,时间,2018-05-22-08-15-49-732
31,波长,1543.266
31,U型长度,51
31,波长序列,[1543.559, 1543.508, 1543.466, 1543.431, 1543.401, 1543.37, 1543.347, 1543.324, 1543.308, 1543.297, 1543.29, 1543.282, 1543.281, 1543.277, 1543.277, 1543.274, 1543.274, 1543.271, 1543.271, 1543.269, 1543.27, 1543.267, 1543.268, 1543.266, 1543.268, 1543.266, 1543.267, 1543.266, 1543.268, 1543.267, 1543.269, 1543.269, 1543.27, 1543.269, 1543.271, 1543.27, 1543.271, 1543.272, 1543.274, 1543.275, 1543.28, 1543.282, 1543.284, 1543.287, 1543.295, 1543.311, 1543.334, 1543.364, 1543.409, 1543.467, 1543.534]
31,温度,24.2274509804091℃;

32,时间,2018-05-22-08-15-50-235
32,波长,1543.264
32,U型长度,42
32,波长序列,[1543.484, 1543.428, 1543.397, 1543.358, 1543.326, 1543.303, 1543.289, 1543.284, 1543.277, 1543.276, 1543.271, 1543.271, 1543.267, 1543.267, 1543.265, 1543.266, 1543.264, 1543.265, 1543.263, 1543.264, 1543.263, 1543.264, 1543.263, 1543.264, 1543.263, 1543.265, 1543.264, 1543.266, 1543.266, 1543.27, 1543.269, 1543.272, 1543.273, 1543.278, 1543.281, 1543.289, 1543.302, 1543.325, 1543.357, 1543.402, 1543.459, 1543.509]
32,温度,24.031372549018897℃;

33,时间,2018-05-22-08-15-50-515
33,波长,1543.268
33,U型长度,45
33,波长序列,[1543.541, 1543.497, 1543.456, 1543.411, 1543.377, 1543.35, 1543.326, 1543.305, 1543.291, 1543.285, 1543.28, 1543.28, 1543.276, 1543.276, 1543.272, 1543.273, 1543.27, 1543.271, 1543.27, 1543.27, 1543.268, 1543.269, 1543.268, 1543.27, 1543.268, 1543.27, 1543.268, 1543.271, 1543.271, 1543.274, 1543.273, 1543.276, 1543.277, 1543.28, 1543.281, 1543.287, 1543.289, 1543.296, 1543.306, 1543.326, 1543.35, 1543.382, 1543.419, 1543.482, 1543.571]
33,温度,24.42352941177701℃;

34,时间,2018-05-22-08-15-51-009
34,波长,1543.262
34,U型长度,44
34,波长序列,[1543.508, 1543.449, 1543.396, 1543.349, 1543.317, 1543.299, 1543.285, 1543.281, 1543.275, 1543.273, 1543.27, 1543.27, 1543.267, 1543.267, 1543.264, 1543.265, 1543.263, 1543.264, 1543.263, 1543.264, 1543.262, 1543.263, 1543.262, 1543.264, 1543.262, 1543.265, 1543.264, 1543.265, 1543.266, 1543.27, 1543.269, 1543.272, 1543.274, 1543.278, 1543.28, 1543.286, 1543.29, 1543.301, 1543.319, 1543.354, 1543.406, 1543.456, 1543.497, 1543.56]
34,温度,23.83529411765098℃;

35,时间,2018-05-22-08-15-51-336
35,波长,1543.269
35,U型长度,42
35,波长序列,[1543.523, 1543.464, 1543.424, 1543.384, 1543.354, 1543.334, 1543.312, 1543.299, 1543.288, 1543.284, 1543.281, 1543.279, 1543.276, 1543.276, 1543.273, 1543.273, 1543.271, 1543.271, 1543.268, 1543.269, 1543.268, 1543.269, 1543.267, 1543.269, 1543.269, 1543.272, 1543.27, 1543.273, 1543.274, 1543.276, 1543.277, 1543.28, 1543.283, 1543.291, 1543.295, 1543.306, 1543.317, 1543.341, 1543.374, 1543.412, 1543.471, 1543.546]
35,温度,24.52156862746097℃;

36,时间,2018-05-22-08-15-51-831
36,波长,1543.263
36,U型长度,45
36,波长序列,[1543.542, 1543.488, 1543.448, 1543.398, 1543.355, 1543.319, 1543.294, 1543.287, 1543.281, 1543.278, 1543.273, 1543.273, 1543.27, 1543.27, 1543.268, 1543.268, 1543.265, 1543.266, 1543.264, 1543.266, 1543.264, 1543.265, 1543.263, 1543.264, 1543.263, 1543.265, 1543.264, 1543.266, 1543.265, 1543.268, 1543.268, 1543.271, 1543.272, 1543.275, 1543.275, 1543.281, 1543.282, 1543.288, 1543.295, 1543.316, 1543.342, 1543.381, 1543.425, 1543.472, 1543.528]
36,温度,23.93333333333494℃;

37,时间,2018-05-22-08-15-52-135
37,波长,1543.266
37,U型长度,47
37,波长序列,[1543.563, 1543.512, 1543.459, 1543.424, 1543.395, 1543.368, 1543.34, 1543.316, 1543.304, 1543.293, 1543.287, 1543.281, 1543.28, 1543.277, 1543.277, 1543.274, 1543.273, 1543.272, 1543.272, 1543.269, 1543.269, 1543.266, 1543.268, 1543.266, 1543.268, 1543.266, 1543.269, 1543.267, 1543.27, 1543.268, 1543.271, 1543.27, 1543.273, 1543.273, 1543.277, 1543.278, 1543.284, 1543.284, 1543.29, 1543.295, 1543.305, 1543.319, 1543.342, 1543.372, 1543.421, 1543.486, 1543.547]
37,温度,24.2274509804091℃;

